10001 1334 249 25 91
10001 1334 249 24 34
10001 1334 249 23 23
10001 1334 249 18 98
10001 1334 249 18 13
10001 1334 249 15 58
10001 1334 249 13 67
10001 1334 249 13 19
10001 1334 249 10 18
10001 1334 249 6 47
10001 1334 249 1 42
10001 1334 249 1 15
10001 1334 249 1 13
10001 1334 248 25 91
10001 1334 248 24 34
10001 1334 248 23 23
10001 1334 248 18 98
10001 1334 248 18 13
10001 1334 248 15 58
10001 1334 248 13 67
10001 1334 248 13 19
10001 1334 248 10 18
10001 1334 248 6 47
10001 1334 247 1 42
10001 1334 247 1 15
10001 1334 247 1 13
10001 1334 247 25 91
10001 1334 247 24 34
10001 1334 247 23 23
10001 1334 247 18 98
10001 1334 247 18 13
10001 1333 246 15 58
10001 1333 246 13 67
10001 1333 246 13 19
10001 1333 246 10 18
10001 1333 246 6 47
10001 1333 246 1 42
10001 1333 246 1 15
10001 1333 246 1 13
10001 1333 249 25 91
10001 1333 249 24 34
10001 1333 249 23 23
10001 1333 249 18 98
10001 1333 249 18 13
10001 1333 249 15 58
10001 1333 249 13 67
10001 1333 249 13 19
10001 1333 249 10 18
10001 1333 249 6 47
10001 1333 249 1 42
10001 1333 249 1 15
10001 1333 249 1 13
10001 1333 248 25 91
10001 1333 248 24 34
10001 1333 248 23 23
10001 1333 248 18 98
10001 1333 248 18 13
10001 1333 248 15 58
10001 1333 248 13 67
10001 1333 248 13 19
10001 1333 248 10 18
10001 1333 248 6 47
10001 1333 247 1 42
10001 1333 247 1 15
10000 1334 249 25 91
10000 1334 249 24 34
10000 1334 249 23 23
10000 1334 249 18 98
10000 1334 249 18 13
10000 1334 249 15 58
10000 1334 249 13 67
10000 1334 249 13 19
10000 1334 249 10 18
10000 1334 249 6 47
10000 1334 249 1 42
10000 1334 249 1 15
10000 1334 249 1 13
10000 1334 248 25 91
10000 1334 248 24 34
10000 1334 248 23 23
10000 1334 248 18 98
10000 1334 248 18 13
10000 1334 248 15 58
10000 1334 248 13 67
10000 1334 248 13 19
10000 1334 248 10 18
10000 1334 248 6 47
10000 1334 247 1 42
10000 1334 247 1 15
10000 1334 247 1 13
10000 1334 247 25 91
10000 1334 247 24 34
10000 1334 247 23 23
10000 1334 247 18 98
10000 1334 247 18 13
10000 1333 246 15 58
10000 1333 246 13 67
10000 1333 246 13 19
10000 1333 246 10 18
10000 1333 246 6 47
10000 1333 246 1 42
10000 1333 246 1 15
10000 1333 246 1 13
10000 1333 249 25 91
10000 1333 249 24 34
10000 1333 249 23 23
10000 1333 249 18 98
10000 1333 249 18 13
10000 1333 249 15 58
10000 1333 249 13 67
10000 1333 249 13 19
10000 1333 249 10 18
10000 1333 249 6 47
10000 1333 249 1 42
10000 1333 249 1 15
10000 1333 249 1 13
10000 1333 248 25 91
10000 1333 248 24 34
10000 1333 248 23 23
10000 1333 248 18 98
10000 1333 248 18 13
10000 1333 248 15 58
10000 1333 248 13 67
10000 1333 248 13 19
10000 1333 248 10 18
10000 1333 248 6 47
10000 1333 247 1 42
10000 1333 247 1 15